<svg>
  <polygon points="-211.296447753906,-49.5191421508789 -211.928298950195,-48.2849044799805 -212.767715454102,-45.5807647705078 -212.928298950195,-45.2849044799805 -214.093673706055,-41.5306968688965 -211.117477416992,-51.2945976257324" />
  <polygon points="-211.117477416992,-51.2945976257324 -211.093673706055,-51.5306968688965 -210.190277099609,-54.5724296569824 -210.093673706055,-55.5306968688965 -209.190277099609,-58.5724258422852 -209.093673706055,-59.5306968688965 -208.112731933594,-62.83349609375 -206.799713134766,-65.4776763916016 -206.495681762695,-66.4571151733398" />
  <polygon points="-42.7150955200195,-100.928298950195 -41.0833282470703,-100.042602539063 -40.7150955200195,-99.9282989501953 -38.1292724609375,-98.6045303344727 -35.7781410217285,-96.9329681396484 -31.9156627655029,-92.6821899414063 -30.4722137451172,-90.1708297729492 -29.3991718292236,-87.4473876953125 -29.1426753997803,-86.3344039916992" />
  <polygon points="-27.4999980926514,-86.5" />
  <polygon points="-26.9287338256836,-86.4567794799805" />
  <polygon points="-26.4999904632568,-86.5" />
  <polygon points="-25.9287376403809,-86.4567794799805" />
  <polygon points="-25.4999942779541,-86.5" />
  <polygon points="-25.0000038146973,-86.449592590332" />
  <polygon points="-24.4999942779541,-86.5" />
  <polygon points="-24,-86.449592590332" />
  <polygon points="-23.5000076293945,-86.5" />
  <polygon points="-22.9999942779541,-86.449592590332" />
  <polygon points="-22.5000038146973,-86.5" />
  <polygon points="-21.9999904632568,-86.449592590332" />
  <polygon points="-21.4999923706055,-86.5" />
  <polygon points="-17.4693031311035,-86.0936737060547 -13.7151012420654,-84.9282989501953 -13.4192409515381,-84.7677154541016 -10.7150955200195,-83.9282989501953 -7.31780910491943,-82.0843124389648 -4.35786247253418,-79.6421356201172 -1.91568696498871,-76.6821899414063 -1.66148173809052,-76.2138519287109 -0.469303041696548,-76.0936737060547 2.83349609375,-75.1127319335938 5.8707275390625,-73.6045303344727 8.5885124206543,-71.6229476928711 10.9329719543457,-69.2218551635742 12.8502292633057,-66.4551391601563 14.2864046096802,-63.3766670227051 15.1876211166382,-60.0403289794922 15.4999990463257,-56.5 15.4529457092285,-56.033260345459 15.4999990463257,-55.5 15.449595451355,-55 15.4999990463257,-54.5 15.449595451355,-54 15.4999990463257,-53.5 15.0936698913574,-49.4693031311035 14.9765291213989,-49.0919342041016 15.1127347946167,-48.8334922790527 16.2695617675781,-44.5458030700684 16.2737102508545,-44.4908905029297 16.9283046722412,-43.2849006652832 18.0936717987061,-39.5306968688965 18.4999980926514,-35.5 18.419584274292,-34.7022552490234 19.0936794281006,-32.5306968688965 19.5000038146973,-28.4999942779541 19.3991870880127,-27.5 19.5000038146973,-26.4999961853027 19.3991870880127,-25.5 19.5000038146973,-24.4999961853027 19.3487854003906,-22.9999961853027 19.5000038146973,-21.4999942779541 19.4495983123779,-21.0000038146973 19.5000038146973,-20.4999980926514 19.4495983123779,-20.0000038146973 19.5000038146973,-19.5 19.0936717987061,-15.4693021774292 17.9283008575439,-11.7150964736938 16.0843143463135,-8.31780910491943 13.6421375274658,-5.35786390304565 13.0941982269287,-4.90577697753906 12.6421337127686,-4.35786437988281 9.68218898773193,-1.91568601131439 6.2848973274231,-0.0716975405812263 5.91667509078979,0.0426057651638985 4.28489828109741,0.928298234939575 3.91667580604553,1.04260158538818 2.28489923477173,1.92830538749695 -0.419242650270462,2.76771259307861 -0.715099513530731,2.92830109596252 -1.08332574367523,3.04260444641113 -2.71509861946106,3.92830443382263 -6.46930027008057,5.09366512298584 -7.33891725540161,5.18133497238159 -8.71509647369385,5.92830371856689 -12.4692974090576,7.09367179870605 -15.9886827468872,7.44846057891846 -17.0012645721436,7.9980673789978 -18.3178043365479,9.08431720733643 -20.8291759490967,10.5277843475342 -21.5758171081543,10.8219623565674 -24.3178119659424,13.0843162536621 -26.8291664123535,14.5277824401855 -27.7319011688232,14.8834676742554 -28.3578624725342,15.6421384811401 -29.4537105560303,16.5462970733643 -30.3578586578369,17.6421413421631 -33.3178100585938,20.0843086242676 -34.3816146850586,20.661735534668 -35.4537010192871,21.5462875366211 -36.3578643798828,22.6421432495117 -39.3178062438965,25.0843105316162 -42.6847038269043,26.9118041992188 -44.0016288757324,27.9983711242676 -45.3578605651855,29.6421356201172 -48.3178062438965,32.0843162536621 -49.6846771240234,32.826229095459 -50.3578643798828,33.6421356201172 -53.3178062438965,36.0843162536621 -56.7150955200195,37.9283027648926 -58.6414642333984,38.5262794494629 -59.3178100585938,39.0843162536621 -61.086009979248,40.1006317138672 -62.3578643798828,41.6421356201172 -65.3178100585938,44.0843162536621 -66.6846771240234,44.8262252807617 -67.3578643798828,45.6421356201172 -67.9057846069336,46.0942077636719 -68.3578643798828,46.6421356201172 -69.1737747192383,47.3153266906738 -69.9156875610352,48.6821899414063 -70.9114761352539,49.8320732116699 -70.9573974609375,49.9166717529297 -71.0717010498047,50.2849044799805 -72.3954696655273,52.8707275390625 -74.067024230957,55.2218589782715 -74.1775588989258,55.3222923278809 -74.9156875610352,56.6821899414063 -77.0169906616211,59.1086654663086 -77.0717010498047,59.2849006652832 -78.3954696655273,61.8707275390625 -80.0670318603516,64.2218551635742 -81.9818725585938,65.9617767333984 -82.9156875610352,67.6821899414063 -86.0524520874023,71.3043594360352 -87.8682174682617,72.5947341918945 -87.9156875610352,72.6821899414063 -90.0169906616211,75.1086654663086 -90.0717010498047,75.2848968505859 -91.3954696655273,77.870719909668 -93.0405807495117,80.1846542358398 -93.0717010498047,80.2849044799805 -94.3954696655273,82.8707275390625 -96.0670318603516,85.2218551635742 -98.8840408325195,87.7815246582031 -99.9156875610352,89.6821899414063 -103.052459716797,93.3043594360352 -104.868225097656,94.5947341918945 -104.915687561035,94.6821899414063 -108.052452087402,98.3043670654297 -111.966812133789,101.08610534668 -113.606216430664,101.73112487793 -114.357864379883,102.642135620117 -114.905776977539,103.094200134277 -115.357864379883,103.642135620117 -115.905792236328,104.094223022461 -116.357864379883,104.642135620117 -116.905799865723,105.094223022461 -117.357864379883,105.642135620117 -120.317810058594,108.084312438965 -123.715103149414,109.928298950195 -127.469306945801,111.093673706055" />
  <polygon points="-131.5,111.5" />
  <polygon points="-132,111.449592590332" />
  <polygon points="-132.5,111.5" />
  <polygon points="-136.530700683594,111.093673706055 -140.284912109375,109.928298950195 -143.682189941406,108.084312438965 -146.642135620117,105.642135620117 -149.084320068359,102.682189941406 -150.928298950195,99.2849044799805 -152.093673706055,95.5306930541992" />
  <polygon points="-152.5,91.5" />
  <polygon points="-152.449600219727,91" />
  <polygon points="-152.5,90.5" />
  <polygon points="-152.093673706055,86.4693069458008 -152.04345703125,86.3075561523438 -152.545806884766,86.2695541381836 -156.83349609375,85.1127319335938 -160.682189941406,83.0843124389648 -164.868438720703,79.2805023193359 -165.642135620117,78.6421356201172 -168.084320068359,75.6821899414063 -169.928298950195,72.2848968505859 -171.093673706055,68.5306930541992" />
  <polygon points="-171.5,64.5" />
  <polygon points="-171.449600219727,64" />
  <polygon points="-171.5,63.5" />
  <polygon points="-171.449600219727,63" />
  <polygon points="-171.5,62.5" />
  <polygon points="-171.298385620117,60.5" />
  <polygon points="-171.5,58.5" />
  <polygon points="-171.449600219727,58" />
  <polygon points="-171.5,57.5" />
  <polygon points="-171.449600219727,57" />
  <polygon points="-171.5,56.5" />
  <polygon points="-171.449600219727,56" />
  <polygon points="-171.5,55.5" />
  <polygon points="-171.449600219727,55" />
  <polygon points="-171.5,54.5" />
  <polygon points="-171.449600219727,54" />
  <polygon points="-171.5,53.5" />
  <polygon points="-171.449600219727,52.9999961853027" />
  <polygon points="-171.5,52.5" />
  <polygon points="-171.399200439453,51.4999961853027" />
  <polygon points="-171.5,50.5" />
  <polygon points="-171.498275756836,50.4829025268555 -173.284912109375,49.9283027648926 -174.916687011719,49.0426025390625 -175.284896850586,48.9283027648926 -178.481842041016,47.2179222106934 -181.298812866211,44.9773712158203 -183.125732421875,42.8932876586914 -184.642135620117,41.6421356201172 -187.084320068359,38.6821937561035 -188.928298950195,35.2849044799805 -189.023742675781,34.9774360656738 -190.642135620117,33.6421356201172 -193.084320068359,30.6821689605713 -193.998062133789,28.9987010955811 -195.084320068359,27.6821804046631 -195.77392578125,26.4823989868164 -198.084320068359,23.6821537017822 -199.527786254883,21.1708106994629 -200.193771362305,19.4805126190186 -200.826232910156,18.3153018951416 -201.642135620117,17.6420955657959 -205.08610534668,13.0331792831421 -206.286407470703,10.3766927719116 -207.093673706055,7.53072166442871 -207.209899902344,6.37777042388916 -207.767715454102,4.58077573776245 -207.928298950195,4.28491497039795 -208.15690612793,3.54847407341003 -209.928298950195,0.284931927919388 -210.526275634766,-1.64144456386566 -211.084320068359,-2.317786693573 -212.527786254883,-4.82916975021362 -213.600845336914,-7.55261278152466 -214.269561767578,-10.4541997909546 -171.489776611328,48.398551940918 -171.093673706055,44.4693031311035 -170.342880249023,41.9414100646973 -170.093673706055,39.4693031311035 -169.112731933594,36.16650390625 -167.983108520508,33.8916397094727 -167.928298950195,33.7150955200195 -167.753662109375,33.3739585876465 -166.928298950195,30.7150917053223 -165.965072631836,28.8335475921631 -165.928298950195,28.7150993347168 -164.965057373047,26.8335266113281 -164.928298950195,26.7150974273682 -163.965072631836,24.8335456848145 -163.928298950195,24.7150936126709 -163.170928955078,23.2356700897217 -163.093673706055,22.4693031311035 -161.421173095703,17.6113262176514 -158.622955322266,13.4114923477173 -157.936370849609,12.7410974502563 -157.928298950195,12.7150993347168 -157.753662109375,12.3739624023438 -156.928298950195,9.71509742736816 -155.604537963867,7.12927103042603 -154.510406494141,5.5903434753418 -153.928298950195,3.71509623527527 -152.604522705078,1.12927377223969 -152.18342590332,0.53697282075882 -151.928298950195,-0.284902095794678 -151.753662109375,-0.626046717166901 -150.928298950195,-3.28490090370178 -150.170928955078,-4.76433944702148 -150.093673706055,-5.53069257736206 -149.112731933594,-8.83349514007568 -147.604537963867,-11.8707246780396 -145.990570068359,-14.0843381881714 -145.928298950195,-14.2848997116089 -144.965057373047,-16.1664657592773 -144.928298950195,-16.2849063873291 -144.753662109375,-16.6260242462158 -143.928298950195,-19.2849082946777 -142.604522705078,-21.8707294464111 -140.932968139648,-24.2218647003174 -139.993225097656,-25.0757522583008 -139.928298950195,-25.2849102020264 -138.604522705078,-27.8707275390625 -136.932968139648,-30.2218589782715 -135.758697509766,-31.2888488769531 -134.642135620117,-32.6421356201172 -133.546279907227,-33.5463027954102 -132.661727905273,-34.6183891296387 -132.084320068359,-35.6821899414063 -128.947555541992,-39.3043632507324 -125.196876525879,-41.9697799682617 -124.642135620117,-42.6421356201172 -123.546295166016,-43.5462875366211 -122.642135620117,-44.6421356201172 -120.998374938965,-45.9983596801758 -119.642135620117,-47.6421356201172 -118.546295166016,-48.5462875366211 -117.642135620117,-49.6421356201172 -114.682189941406,-52.0843162536621 -111.284896850586,-53.9283027648926 -111.212585449219,-53.9507484436035 -110.642135620117,-54.6421356201172 -107.682189941406,-57.0843124389648 -105.681732177734,-58.1701278686523 -103.642135620117,-60.6421356201172 -100.682189941406,-63.0843162536621 -98.9987487792969,-63.9980506896973 -97.6821899414063,-65.0843124389648 -95.1708221435547,-66.5277862548828 -94.0556564331055,-66.967170715332 -93.9987411499023,-66.9980621337891 -92.6821899414063,-68.0843124389648 -90.1708221435547,-69.5277786254883 -88.4805297851563,-70.1937713623047 -85.2849044799805,-71.9282989501953 -82.5807876586914,-72.7677001953125 -82.2849044799805,-72.9282989501953 -81.5484466552734,-73.1569061279297 -78.2848968505859,-74.9282989501953 -77.9616928100586,-75.0286254882813 -76.6821899414063,-76.0843124389648 -74.1708221435547,-77.5277786254883 -71.4473876953125,-78.6008377075195 -68.5457992553711,-79.2695541381836" />
  <polygon points="-65.5,-79.5" />
  <polygon points="-64.9287490844727,-79.4567794799805" />
  <polygon points="-64.5,-79.5" />
  <polygon points="-63.357494354248,-79.4135589599609" />
  <polygon points="-62.5,-79.5" />
  <polygon points="-62.1261024475098,-79.4717102050781 -61.2849006652832,-79.9282989501953 -57.5306968688965,-81.0936660766602 -56.3777618408203,-81.2098922729492 -53.5306968688965,-82.0936737060547" />
  <polygon points="-49.5,-82.5" />
  <polygon points="-49.4543228149414,-82.4965438842773 -47.5306968688965,-83.0936737060547" />
  <polygon points="-43.5,-83.5" />
  <polygon points="-41,-83.2479782104492 -40.4329948425293,-83.3051376342773 -39.2849006652832,-83.9282989501953 -35.5307006835938,-85.0936737060547 -34.3777503967285,-85.2098999023438 -31.5306911468506,-86.0936737060547 -29.4124927520752,-86.3072052001953 -44.7362251281738,-101.555694580078" />
  <polygon points="-44.7362251281738,-101.555694580078 -46.4693031311035,-102.093673706055 -47.6222534179688,-102.209899902344 -50.4693031311035,-103.093673706055 -51.338924407959,-103.181335449219 -52.7150955200195,-103.928298950195 -53.4515609741211,-104.156913757324 -56.7150955200195,-105.928298950195 -57.5639495849609,-106.191795349121 -58.9156875610352,-108.682189941406 -61.3578643798828,-111.642135620117 -61.6384735107422,-111.873657226563 -61.9063301086426,-114.530700683594 -62.504322052002,-116.45711517334 -62.5,-116.5 -62.5941047668457,-117.433486938477 -62.5,-118.5 -62.5599136352539,-119.291862487793" />
  <polygon points="-205.093673706055,-76.5307006835938 -203.928298950195,-80.2849044799805 -203.042602539063,-81.9166717529297 -202.928298950195,-82.2849044799805 -201.604522705078,-84.870735168457 -199.959426879883,-87.1846466064453 -199.928298950195,-87.2849044799805 -198.604522705078,-89.8707275390625 -196.959426879883,-92.1846389770508 -196.928298950195,-92.2849044799805 -195.604522705078,-94.8707275390625 -193.932968139648,-97.2218551635742 -192.758682250977,-98.2888717651367 -191.642135620117,-99.6421356201172 -191.094207763672,-100.094207763672 -190.642135620117,-100.642135620117 -188.99836730957,-101.998359680176 -187.642135620117,-103.642135620117 -187.094223022461,-104.094207763672 -186.642135620117,-104.642135620117 -186.094207763672,-105.094215393066 -185.642135620117,-105.642135620117 -185.094207763672,-106.094215393066 -184.642135620117,-106.642135620117 -181.682189941406,-109.084320068359 -180.618392944336,-109.661727905273 -177.682189941406,-112.084312438965 -175.170822143555,-113.527778625488 -174.0556640625,-113.967163085938 -172.284896850586,-114.928298950195 -169.212524414063,-115.882019042969 -167.284912109375,-116.928298950195 -164.580764770508,-117.767715454102 -164.284912109375,-117.928298950195 -162.358535766602,-118.52628326416 -161.682189941406,-119.084312438965 -157.83349609375,-121.112731933594 -153.545806884766,-122.269554138184 -152.328918457031,-122.361625671387 -151.284912109375,-122.928298950195 -148.580764770508,-123.767715454102 -148.284912109375,-123.928298950195 -145.580764770508,-124.767715454102 -145.284896850586,-124.928298950195 -141.530700683594,-126.093673706055 -140.377746582031,-126.209899902344 -137.530700683594,-127.093673706055" />
  <polygon points="-104.546295166016,-134.546295166016 -105.642135620117,-133.642135620117 -106.094207763672,-133.094223022461 -106.642135620117,-132.642135620117 -108.45044708252,-130.450454711914 -110.642135620117,-128.642135620117 -111.988929748535,-127.009811401367 -115.450241088867,-128.089767456055 -104.526405334473,-134.570404052734" />
  <polygon points="-80.7151031494141,-139.928298950195 -79.0833282470703,-139.042602539063 -78.7150955200195,-138.928298950195 -76.8335418701172,-137.965072631836 -76.7150955200195,-137.928298950195 -74.8335418701172,-136.965072631836 -74.7150955200195,-136.928298950195 -72.1292724609375,-135.604537963867 -69.7781448364258,-133.932968139648 -65.9156875610352,-129.682189941406 -64.4722137451172,-127.170829772949 -63.3991622924805,-124.447387695313 -62.7304458618164,-121.545799255371 -62.5599136352539,-119.291862487793 -84.4693069458008,-141.093673706055" />
  <polygon points="-104.526405334473,-134.570404052734 -103.642135620117,-135.642135620117 -100.682189941406,-138.084320068359 -97.2848968505859,-139.928298950195 -93.5306930541992,-141.093673706055" />
</svg>