<svg>
  <polygon points="-169.530700683594,51.0936737060547 -173.284912109375,49.9283027648926 -174.916687011719,49.0426025390625 -175.284896850586,48.9283027648926 -178.481842041016,47.2179222106934 -181.298812866211,44.9773712158203 -183.125732421875,42.8932876586914 -184.642135620117,41.6421356201172 -187.084320068359,38.6821937561035 -188.928298950195,35.2849044799805 -189.023742675781,34.9774360656738 -190.642135620117,33.6421356201172 -193.084320068359,30.6821689605713 -193.998062133789,28.998706817627 -195.084320068359,27.6821765899658 -195.77392578125,26.482400894165 -198.084320068359,23.6821594238281 -199.527786254883,21.1708068847656 -200.193771362305,19.4805126190186 -200.826232910156,18.3152942657471 -201.642135620117,17.6421070098877 -205.08610534668,13.0331869125366 -206.286407470703,10.3766851425171 -207.093673706055,7.53071928024292 -207.209899902344,6.3777756690979 -207.767715454102,4.58077907562256 -207.928298950195,4.28491926193237 -208.15690612793,3.54847478866577 -209.928298950195,0.284927666187286 -210.526275634766,-1.6414440870285 -211.084320068359,-2.31779289245605 -212.527786254883,-4.82916927337646 -213.600845336914,-7.55261421203613 -214.269561767578,-10.4541959762573" />
  <polygon points="-211.296447753906,-49.5191421508789 -211.928298950195,-48.2849044799805 -212.767715454102,-45.5807647705078 -212.928298950195,-45.2849044799805 -214.093673706055,-41.5306968688965 -211.117477416992,-51.2945976257324" />
  <polygon points="-211.117477416992,-51.2945976257324 -211.093673706055,-51.5306968688965 -210.190277099609,-54.5724296569824 -210.093673706055,-55.5306968688965 -209.190277099609,-58.5724258422852 -209.093673706055,-59.5306968688965 -208.112731933594,-62.83349609375 -206.799713134766,-65.4776763916016 -206.495681762695,-66.4571151733398" />
  <polygon points="-38,-78.449592590332" />
  <polygon points="-37.5,-78.5" />
  <polygon points="-33.4693031311035,-78.0936737060547 -29.7150974273682,-76.9282989501953 -26.3178100585938,-75.0843124389648 -23.3578643798828,-72.6421356201172 -20.9156875610352,-69.6821899414063 -19.0717010498047,-66.2849044799805 -17.9063320159912,-62.5306968688965 -17.5000038146973,-58.5 -17.730447769165,-55.4541969299316 -18.3991622924805,-52.5526123046875 -19.4722213745117,-49.829174041748 -20.9156932830811,-47.3178100585938 -24.719518661499,-43.1315422058105 -25.3578662872314,-42.3578643798828 -28.3178100585938,-39.9156875610352 -31.7150993347168,-38.0717010498047 -32.0833320617676,-37.9573936462402 -33.7150993347168,-37.0717010498047 -34.0383033752441,-36.9713745117188 -35.3178100585938,-35.9156875610352 -37.8291702270508,-34.4722137451172 -38.9816246032715,-34.018138885498 -40.3178100585938,-32.9156875610352 -42.829174041748,-31.4722213745117 -43.5758209228516,-31.1780281066895 -46.3178100585938,-28.9156894683838 -48.829174041748,-27.4722137451172 -49.981616973877,-27.0181541442871 -51.3178100585938,-25.9156875610352 -53.8291702270508,-24.4722270965576 -55.5194816589355,-23.8062171936035 -58.7150955200195,-22.0717086791992 -58.7874221801758,-22.0492496490479 -59.3578643798828,-21.357873916626 -61.8298721313477,-19.3182697296143 -62.9156875610352,-17.317813873291 -64.0019378662109,-16.0012741088867 -64.9156875610352,-14.3178119659424 -67.3382720947266,-11.3816146850586 -67.9156875610352,-10.3178100585938 -69.0019378662109,-9.00126552581787 -69.9156875610352,-7.31781339645386 -71.8176193237305,-5.22465515136719 -72.0019378662109,-5.00126314163208 -72.9156875610352,-3.31781125068665 -74.9632873535156,-1.0643515586853 -75.0717010498047,-0.715094029903412 -76.9156875610352,2.68218326568604 -77.9713668823242,3.96169424057007 -78.0717010498047,4.28490591049194 -80.4732894897461,8.46630764007568 -81.5460815429688,9.59163188934326 -82.0717010498047,11.2848978042603 -84.4732894897461,15.4663238525391 -84.5235443115234,15.5190258026123 -85.0717010498047,17.2848987579346 -86.3954696655273,19.8707256317139 -88.067024230957,22.2218532562256 -89.0067749023438,23.0757484436035 -89.0717010498047,23.2848930358887 -90.3954696655273,25.8707237243652 -92.067024230957,28.2218551635742 -92.5744018554688,28.6828899383545 -93.0717010498047,30.2849025726318 -94.3954696655273,32.8707275390625 -96.067024230957,35.2218589782715 -97.0067749023438,36.0757598876953 -97.0717010498047,36.2849044799805 -98.0349349975586,38.1664695739746 -98.0717010498047,38.2849044799805 -99.3954696655273,40.8707275390625 -101.067024230957,43.2218551635742 -102.079719543457,44.142032623291 -102.915687561035,45.6821899414063 -103.911476135254,46.8320732116699 -103.957389831543,46.9166717529297 -104.071701049805,47.2849044799805 -105.034934997559,49.1664695739746 -105.071701049805,49.2849044799805 -106.395469665527,51.8707275390625 -108.040580749512,54.1846656799316 -108.071701049805,54.2849044799805 -109.395469665527,56.8707275390625 -111.067024230957,59.2218589782715 -111.177558898926,59.3222885131836 -111.915687561035,60.6821899414063 -112.45825958252,61.308723449707 -113.071701049805,63.2849006652832 -114.395469665527,65.8707275390625 -116.067031860352,68.2218551635742 -117.079719543457,69.1420288085938 -117.915687561035,70.6821899414063 -120.136528015137,73.2467041015625 -120.915687561035,74.6821899414063 -124.052452087402,78.3043594360352 -124.117050170898,78.3502655029297 -124.357864379883,78.6421356201172 -128.966812133789,82.0861053466797 -131.623321533203,83.2864074707031 -134.469299316406,84.0936737060547 -137.10319519043,84.3591918945313 -138.419250488281,84.7677154541016 -138.715103149414,84.9282989501953 -142.469299316406,86.0936737060547" />
  <polygon points="-146.5,86.5" />
  <polygon points="-147,86.449592590332" />
  <polygon points="-147.5,86.5" />
  <polygon points="-148,86.449592590332" />
  <polygon points="-148.5,86.5" />
  <polygon points="-149,86.449592590332" />
  <polygon points="-149.5,86.5" />
  <polygon points="-152.545806884766,86.2695541381836 -155.447387695313,85.6008377075195 -158.170822143555,84.5277786254883 -160.682189941406,83.0843124389648 -164.868438720703,79.2805023193359 -165.642135620117,78.6421356201172 -168.084320068359,75.6821899414063 -169.928298950195,72.2848968505859 -171.093673706055,68.5306930541992" />
  <polygon points="-171.5,64.5" />
  <polygon points="-171.449600219727,64" />
  <polygon points="-171.5,63.5" />
  <polygon points="-171.449600219727,63" />
  <polygon points="-171.5,62.5" />
  <polygon points="-171.093673706055,58.4693031311035 -169.928298950195,54.7150955200195 -168.084320068359,51.3178100585938 -165.642135620117,48.3578643798828 -162.682189941406,45.9156837463379 -159.284912109375,44.0716972351074 -155.530700683594,42.9063301086426" />
  <polygon points="-151.5,42.5" />
  <polygon points="-147.469299316406,42.9063262939453 -147.359619140625,42.940372467041 -146.527786254883,40.8291702270508 -145.084320068359,38.3178100585938 -143.998077392578,37.0012702941895 -143.967178344727,36.9443588256836 -143.527786254883,35.8291702270508 -142.084320068359,33.3178100585938 -141.028625488281,32.0383148193359 -140.928298950195,31.7151012420654 -140.042602539063,30.0833206176758 -139.928298950195,29.7151031494141 -138.967163085938,27.9443378448486 -138.527786254883,26.8291816711426 -137.084320068359,24.3178119659424 -136.17561340332,23.2164421081543 -135.084320068359,21.3178043365479 -133.420776367188,19.3015804290771 -132.928298950195,17.7151031494141 -131.084320068359,14.3178100585938 -128.642135620117,11.3578643798828 -126.998374938965,10.0016393661499 -126.576110839844,9.48985195159912 -125.527778625488,6.82917547225952 -124.084312438965,4.31780910491943 -121.821968078613,1.57583057880402 -121.527778625488,0.829174399375916 -120.084312438965,-1.68218851089478 -119.526275634766,-2.35853743553162 -118.928298950195,-4.28490591049194 -117.887954711914,-6.20160531997681 -117.60083770752,-7.44738531112671 -116.527778625488,-10.1708269119263 -115.084312438965,-12.6821899414063 -114.503089904785,-13.3866367340088 -114.112731933594,-14.8334970474243 -112.084312438965,-18.6821899414063 -110.998062133789,-19.9987525939941 -110.084312438965,-21.6821975708008 -107.642135620117,-24.6421356201172 -107.094215393066,-25.0942039489746 -106.642135620117,-25.6421413421631 -106.094223022461,-26.0942115783691 -105.773895263672,-26.4824504852295 -105.084312438965,-27.6821899414063 -102.773902893066,-30.4824466705322 -102.084312438965,-31.6821880340576 -101.175582885742,-32.7835884094238 -100.084312438965,-34.6821899414063 -97.7738876342773,-37.4824485778809 -97.0843124389648,-38.6821899414063 -96.0286254882813,-39.9616966247559 -95.9282989501953,-40.2849044799805 -95.0426025390625,-41.916675567627 -94.9282989501953,-42.2849044799805 -93.0843124389648,-45.6821937561035 -90.6421356201172,-48.6421356201172 -89.2888717651367,-49.7586784362793 -88.2218551635742,-50.9329719543457 -85.8707275390625,-52.6045303344727 -83.2849044799805,-53.9282989501953 -82.4630432128906,-54.183422088623 -81.8707275390625,-54.6045303344727 -79.2849044799805,-55.9282989501953 -79.1846618652344,-55.9594192504883 -76.8707275390625,-57.6045303344727 -74.2849044799805,-58.9282989501953 -73.4630508422852,-59.1834182739258 -72.8707275390625,-59.6045341491699 -70.2849044799805,-60.9283027648926 -69.8674545288086,-61.0578842163086 -68.6821899414063,-62.0843124389648 -65.3152923583984,-63.9118041992188 -63.5589179992676,-65.3609466552734 -61.2218589782715,-67.932975769043 -58.8707275390625,-69.6045303344727 -56.2849044799805,-70.9282989501953 -54.5499305725098,-71.4668655395508 -52.6821899414063,-73.0843124389648 -50.9987449645996,-73.9980545043945 -49.6821899414063,-75.0843124389648 -47.1708297729492,-76.5277786254883 -44.4473876953125,-77.6008377075195 -41.5458030700684,-78.2695541381836" />
  <polygon points="-38.5,-78.5" />
  <polygon points="-10.7150907516479,-83.9282989501953 -7.31780672073364,-82.0843124389648 -4.35786581039429,-79.6421356201172 -1.91568064689636,-76.6821899414063 -0.071699857711792,-73.2849044799805 1.09367001056671,-69.5306930541992 1.50000166893005,-65.5 1.09367001056671,-61.4693031311035 -0.071699857711792,-57.7150955200195 -1.91568064689636,-54.3178100585938 -4.35786581039429,-51.3578643798828 -7.31780672073364,-48.9156837463379 -10.7150907516479,-47.0716972351074 -14.4693002700806,-45.9063301086426 -14.4693002700806,-85.0936737060547" />
  <polygon points="-28.4999942779541,-85.3991928100586 -28.9372901916504,-85.4432754516602 -29.0542449951172,-85.9507217407227" />
  <polygon points="-42.7150955200195,-100.928298950195 -41.0833282470703,-100.042602539063 -40.7150955200195,-99.9282989501953 -38.1292724609375,-98.6045303344727 -35.7781410217285,-96.9329681396484 -31.9156703948975,-92.6821899414063 -30.4722118377686,-90.1708297729492 -29.3991718292236,-87.4473876953125 -29.0542449951172,-85.9507217407227 -44.7362251281738,-101.555694580078" />
  <polygon points="-44.7362251281738,-101.555694580078 -46.4693031311035,-102.093673706055 -47.6222534179688,-102.209899902344 -50.4693031311035,-103.093673706055 -51.338924407959,-103.181335449219 -52.7150955200195,-103.928298950195 -53.4515609741211,-104.156913757324 -56.7150955200195,-105.928298950195 -57.5639495849609,-106.191795349121 -58.9156875610352,-108.682189941406 -61.3578643798828,-111.642135620117 -61.6384735107422,-111.873657226563 -61.9063301086426,-114.530700683594 -62.504322052002,-116.45711517334 -62.5,-116.5 -62.5941047668457,-117.433486938477 -62.5,-118.5 -62.5599136352539,-119.291862487793" />
  <polygon points="-205.093673706055,-76.5307006835938 -203.928298950195,-80.2849044799805 -203.042602539063,-81.9166717529297 -202.928298950195,-82.2849044799805 -201.604522705078,-84.870735168457 -199.959426879883,-87.1846466064453 -199.928298950195,-87.2849044799805 -198.604522705078,-89.8707275390625 -196.959426879883,-92.1846389770508 -196.928298950195,-92.2849044799805 -195.604522705078,-94.8707275390625 -193.932968139648,-97.2218551635742 -192.758682250977,-98.2888717651367 -191.642135620117,-99.6421356201172 -191.094207763672,-100.094207763672 -190.642135620117,-100.642135620117 -188.99836730957,-101.998359680176 -187.642135620117,-103.642135620117 -187.094223022461,-104.094207763672 -186.642135620117,-104.642135620117 -186.094207763672,-105.094215393066 -185.642135620117,-105.642135620117 -185.094207763672,-106.094215393066 -184.642135620117,-106.642135620117 -181.682189941406,-109.084320068359 -180.618392944336,-109.661727905273 -177.682189941406,-112.084312438965 -175.170822143555,-113.527778625488 -174.0556640625,-113.967163085938 -172.284896850586,-114.928298950195 -169.212524414063,-115.882019042969 -167.284912109375,-116.928298950195 -164.580764770508,-117.767715454102 -164.284912109375,-117.928298950195 -162.358535766602,-118.52628326416 -161.682189941406,-119.084312438965 -157.83349609375,-121.112731933594 -153.545806884766,-122.269554138184 -152.328918457031,-122.361625671387 -151.284912109375,-122.928298950195 -148.580764770508,-123.767715454102 -148.284912109375,-123.928298950195 -145.580764770508,-124.767715454102 -145.284896850586,-124.928298950195 -141.530700683594,-126.093673706055 -140.377746582031,-126.209899902344 -137.530700683594,-127.093673706055" />
  <polygon points="-104.546295166016,-134.546295166016 -105.642135620117,-133.642135620117 -106.094207763672,-133.094223022461 -106.642135620117,-132.642135620117 -108.45044708252,-130.450454711914 -110.642135620117,-128.642135620117 -111.988929748535,-127.009811401367 -115.450241088867,-128.089767456055 -104.526405334473,-134.570404052734" />
  <polygon points="-80.7151031494141,-139.928298950195 -79.0833282470703,-139.042602539063 -78.7150955200195,-138.928298950195 -76.8335418701172,-137.965072631836 -76.7150955200195,-137.928298950195 -74.8335418701172,-136.965072631836 -74.7150955200195,-136.928298950195 -72.1292724609375,-135.604537963867 -69.7781448364258,-133.932968139648 -65.9156875610352,-129.682189941406 -64.4722137451172,-127.170829772949 -63.3991622924805,-124.447387695313 -62.7304458618164,-121.545799255371 -62.5599136352539,-119.291862487793 -84.4693069458008,-141.093673706055" />
  <polygon points="-104.526405334473,-134.570404052734 -103.642135620117,-135.642135620117 -100.682189941406,-138.084320068359 -97.2848968505859,-139.928298950195 -93.5306930541992,-141.093673706055" />
</svg>