<svg>
  <polygon points="-11.4912738800049,99.7090835571289 -9.12515544891357,98.9745941162109 -7.48330593109131,98.80908203125" />
  <polygon points="-6.49127531051636,98.7090759277344 -7.48330593109131,98.80908203125 -5.06154537200928,98.265266418457" />
  <polygon points="-136.530700683594,111.093673706055 -140.284912109375,109.928298950195 -143.682189941406,108.084312438965 -146.642135620117,105.642135620117 -149.084320068359,102.682189941406 -150.928298950195,99.2849044799805 -152.093673706055,95.5306930541992" />
  <polygon points="-33.0405006408691,99.9712829589844 -37.3660125732422,98.9744033813477 -37.5342178344727,98.9081268310547 -39.5087242126465,98.7090759277344 -45.1052703857422,96.9718170166016 -50.1697463989258,94.2229156494141 -50.2269630432129,94.1757049560547 -54.1052742004395,92.9718170166016 -55.6066207885742,92.1569137573242" />
  <polygon points="-56.0329284667969,91.9255218505859 -55.6066207885742,92.1569137573242 -58.3679695129395,91.2006912231445" />
  <polygon points="-70.5087280273438,90.7090759277344 -74.4912719726563,89.7090759277344 -74.1107406616211,89.590950012207" />
  <polygon points="-152.04345703125,86.3075561523438 -152.093673706055,86.4693069458008 -152.284286499023,86.2893371582031" />
  <polygon points="-152.284286499023,86.2893371582031 -152.545806884766,86.2695541381836 -156.83349609375,85.1127319335938 -160.682189941406,83.0843124389648 -164.868438720703,79.2805023193359 -165.642135620117,78.6421356201172 -168.084320068359,75.6821899414063 -169.928298950195,72.2848968505859 -171.093673706055,68.5306930541992" />
  <polygon points="-171.489776611328,48.398551940918 -171.093673706055,44.4693031311035 -170.342880249023,41.9414215087891 -170.093673706055,39.4693145751953 -169.112731933594,36.1665000915527 -167.983108520508,33.8916358947754 -167.928298950195,33.7150917053223 -167.753662109375,33.3739585876465 -166.928298950195,30.7150993347168 -165.965072631836,28.8335361480713 -165.928298950195,28.7151031494141 -164.965057373047,26.8335304260254 -164.928298950195,26.7150974273682 -163.965072631836,24.8335437774658 -163.928298950195,24.7150936126709 -163.170928955078,23.235668182373 -163.093673706055,22.4693031311035 -161.421173095703,17.611328125 -161.30908203125,17.4430847167969 -161.264419555664,17.0000038146973 -94.5087280273438,89.7090759277344 -95.9129638671875,89.2731781005859 -99.4975433349609,88.9118194580078 -99.9156875610352,89.6821899414063 -103.052459716797,93.3043594360352 -104.868225097656,94.5947341918945 -104.915687561035,94.6821899414063 -108.052452087402,98.3043670654297 -111.966812133789,101.08610534668 -113.606216430664,101.73112487793 -114.357864379883,102.642135620117 -114.905776977539,103.094200134277 -115.357864379883,103.642135620117 -115.905792236328,104.094223022461 -116.357864379883,104.642135620117 -116.905799865723,105.094223022461 -117.357864379883,105.642135620117 -120.317810058594,108.084312438965 -123.715103149414,109.928298950195 -127.469306945801,111.093673706055 -112.600143432617,84.4390335083008 -114.105270385742,83.9718170166016 -119.16975402832,81.2229080200195 -121.802886962891,79.0503768920898 -125.169746398926,77.2229080200195 -128.105972290039,74.8003082275391 -129.169738769531,74.2229156494141 -133.582260131836,70.5822601318359 -134.938491821289,68.9384918212891 -136.582260131836,67.5822601318359 -137.235153198242,66.7909393310547 -137.546813964844,66.5694580078125 -142.222915649414,61.1697425842285 -142.695434570313,60.2991943359375 -145.422088623047,56.8710708618164 -147.971817016602,52.1052703857422 -148.200439453125,51.3687858581543 -148.227111816406,51.3196487426758 -149.222915649414,50.1697463989258 -150.857452392578,47.1583442687988 -150.998413085938,46.9600601196289 -151.551788330078,45.8791427612305 -151.971817016602,45.1052742004395 -152.008590698242,44.9868049621582 -152.971817016602,43.1052742004395 -153.925537109375,40.032886505127 -154.45637512207,39.0549049377441 -155.222915649414,38.1697463989258 -157.865447998047,33.3012428283691 -171.498275756836,50.4828987121582 -173.284912109375,49.9283027648926 -174.916687011719,49.0426063537598 -175.284896850586,48.9283027648926 -178.481842041016,47.2179260253906 -181.298812866211,44.9773788452148 -183.125732421875,42.8932876586914 -184.642135620117,41.6421356201172 -187.084320068359,38.682186126709 -188.928298950195,35.2849044799805 -189.023742675781,34.9774398803711 -190.642135620117,33.6421394348145 -193.084320068359,30.6821823120117 -193.998062133789,28.9987010955811 -195.084320068359,27.6821899414063 -195.77392578125,26.4824047088623 -198.084320068359,23.6821594238281 -199.527786254883,21.1708164215088 -200.193771362305,19.4805030822754 -200.826232910156,18.3152885437012 -201.642135620117,17.6420955657959 -205.08610534668,13.0331888198853 -206.286407470703,10.3766927719116 -207.093673706055,7.53072357177734 -207.209899902344,6.37777757644653 -207.767715454102,4.58077621459961 -207.928298950195,4.28491449356079 -208.15690612793,3.5484631061554 -209.928298950195,0.284939825534821 -210.526275634766,-1.64145076274872 -211.084320068359,-2.31778717041016 -212.527786254883,-4.82916069030762 -213.600845336914,-7.55261039733887 -214.269561767578,-10.4542055130005" />
  <polygon points="-160.845031738281,1.83975791931152 -162.222915649414,0.169748574495316 -162.508972167969,-0.357280433177948 -162.582260131836,-0.417742639780045 -166.222915649414,-4.83024978637695 -168.971817016602,-9.89472770690918 -170.709091186523,-15.4912700653076" />
  <polygon points="-211.296447753906,-49.5191421508789 -211.928298950195,-48.2849044799805 -212.767715454102,-45.5807685852051 -212.928298950195,-45.2849044799805 -214.093673706055,-41.5306930541992 -211.117477416992,-51.2946090698242" />
  <polygon points="-211.117477416992,-51.2946090698242 -211.093673706055,-51.5307006835938 -210.190277099609,-54.5724449157715 -210.093673706055,-55.530689239502 -209.190277099609,-58.5724182128906 -209.093673706055,-59.5306930541992 -208.112731933594,-62.8334922790527 -206.799713134766,-65.4776763916016 -206.495681762695,-66.4571151733398" />
  <polygon points="-110.5,-107.5" />
  <polygon points="-110.85929107666,-107.53621673584 -111.71509552002,-107.071701049805 -113.602020263672,-106.485969543457 -115.357864379883,-104.357864379883 -115.905799865723,-103.905776977539 -116.357864379883,-103.357864379883 -117.173774719238,-102.684684753418 -117.915687561035,-101.317810058594 -121.052452087402,-97.6956405639648 -121.117057800293,-97.6497268676758 -121.357864379883,-97.3578643798828 -121.905784606934,-96.9057922363281 -122.357864379883,-96.3578643798828 -123.453712463379,-95.4537124633789 -124.338272094727,-94.3816070556641 -124.915687561035,-93.3178100585938 -127.357864379883,-90.3578643798828 -127.905784606934,-89.9057846069336 -127.909080505371,-89.9018020629883 -124.960067749023,-91.998420715332 -121.105270385742,-93.9718170166016 -119.577278137207,-94.4461288452148 -118.464996337891,-95.5065612792969 -114.960067749023,-97.998420715332 -111.105270385742,-99.9718170166016 -108.446441650391,-100.797157287598 -108.105270385742,-100.971817016602 -102.697006225586,-102.650634765625 -102.105270385742,-102.971817016602 -97.0130996704102,-104.552513122559 -97.6821899414063,-104.915687561035 -98.8674545288086,-105.942115783691 -99.2849044799805,-106.071701049805 -99.6260375976563,-106.24634552002 -100.45711517334,-106.504325866699" />
  <polygon points="-100.5,-106.5" />
  <polygon points="-101,-106.550407409668" />
  <polygon points="-101.5,-106.5" />
  <polygon points="-102,-106.550407409668" />
  <polygon points="-102.5,-106.5" />
  <polygon points="-106.530693054199,-106.906326293945 -108.45711517334,-107.504318237305" />
  <polygon points="-108.5,-107.5" />
  <polygon points="-109,-107.550399780273" />
  <polygon points="-109.5,-107.5" />
  <polygon points="-110,-107.550399780273" />
  <polygon points="3.70265460014343,-120.378761291504 4.71508836746216,-120.928298950195 8.46930313110352,-122.093673706055" />
  <polygon points="43.5646591186523,-121.56396484375 46.3343544006348,-120.448066711426 48.8808364868164,-118.948364257813 53.159782409668,-114.941955566406 54.8200531005859,-112.507438659668 56.112735748291,-109.83349609375 56.1538124084473,-109.695190429688 58.6421356201172,-107.642135620117 59.5462951660156,-106.546287536621 60.6421394348145,-105.642135620117 61.5462837219238,-104.546295166016 62.6421394348145,-103.642135620117 63.0942230224609,-103.094207763672 63.6421394348145,-102.642135620117 66.0843124389648,-99.6821899414063 67.9282989501953,-96.2848968505859 69.0936737060547,-92.5306930541992 69.5,-88.5 69.4949111938477,-88.459587097168 70.0936660766602,-86.5306930541992 70.2098922729492,-85.3777618408203 70.8820190429688,-83.212532043457 71.9282989501953,-81.2849044799805 73.0936737060547,-77.5307006835938 73.5,-73.5 73.4529495239258,-72.9667434692383 73.5,-72.5 73.4529495239258,-71.9667434692383 73.5,-71.5 73.4529495239258,-70.9667434692383 73.5,-70.5 73.4529495239258,-69.9667434692383 73.5,-69.5 73.4529495239258,-68.9667434692383 73.5,-68.5 73.4058990478516,-67.4334869384766 73.5,-66.5 73.4058990478516,-65.4334869384766 73.5,-64.5 73.3487854003906,-63 73.5,-61.5 73.0936737060547,-57.4693031311035 71.9282989501953,-53.7150993347168 71.1813354492188,-52.338924407959 71.0936737060547,-51.4693031311035 69.4211730957031,-46.6113243103027 68.8905258178711,-45.8148803710938 67.9282989501953,-42.7150917053223 66.6045303344727,-40.1292762756348 65.5257110595703,-38.611873626709 67.9718170166016,-34.1052665710449 69.7090759277344,-28.5087203979492 69.9474945068359,-26.1437015533447 69.9712753295898,-26.0405025482178 70.0115356445313,-25.5084095001221 70.314811706543,-22.4999980926514 70.2715911865234,-22.0712566375732 70.314811706543,-21.5 70.264404296875,-20.9999904632568 70.314811706543,-20.4999980926514 70.2715911865234,-20.0712566375732 70.314811706543,-19.5 70.264404296875,-18.9999904632568 70.314811706543,-18.4999980926514 70.2715911865234,-18.0712604522705 70.314811706543,-17.5 70.2283706665039,-16.6425037384033 70.314811706543,-15.5 70.264404296875,-14.9999866485596 70.314811706543,-14.4999933242798 70.2715911865234,-14.0712518692017 70.314811706543,-13.4999961853027 70.2283706665039,-12.6425132751465 70.314811706543,-11.4999952316284 70.2140045166016,-10.4999980926514 70.314811706543,-9.49999523162842 69.9712753295898,-4.9594931602478 69.2719573974609,-1.9251344203949 69.314811706543,-1.49999916553497 69.2372131347656,-0.269803166389465 69.314811706543,0.500000953674316 69.2372131347656,1.73019695281982 69.314811706543,2.5000011920929 69.2715911865234,3.07126188278198 69.314811706543,3.50000333786011 69.2140045166016,4.49999284744263 69.314811706543,5.50000333786011 69.2715911865234,6.07125568389893 69.314811706543,6.50000143051147 69.1635971069336,7.99999189376831 69.314811706543,9.49999904632568 68.8491363525391,14.777720451355 67.5056610107422,19.7513389587402 66.0331497192383,22.9076766967773 65.9718170166016,23.1052799224854 65.8228988647461,23.3796253204346 65.7090759277344,24.5087299346924 64.5056533813477,28.7513332366943 62.7163238525391,32.7115135192871 61.2429161071777,35.0104713439941 59.9718170166016,39.1052742004395 57.998420715332,42.9600639343262 56.5631523132324,44.9788398742676 54.9718208312988,50.1052703857422 52.9984245300293,53.9600639343262 50.5065612792969,57.4649925231934 50.0083618164063,57.987548828125 49.9718170166016,58.1052665710449 48.0453453063965,61.8684043884277 47.9718170166016,62.1052703857422 45.998420715332,65.9600677490234 43.5065574645996,69.4649887084961 42.6745376586914,70.3376922607422 42.2229156494141,71.1697463989258 40.2313270568848,73.4695281982422 38.2229156494141,77.1697463989258 33.5468101501465,82.569465637207 28.2322463989258,86.3462677001953 27.1697444915771,87.2229080200195 23.425952911377,89.3747482299805 19.3660144805908,90.9743957519531 18.321325302124,91.2151641845703 16.0329074859619,91.9255294799805 14.1052694320679,92.9718170166016 11.4011287689209,93.8112258911133 11.1052713394165,93.9718170166016 10.3688116073608,94.2004241943359 7.1052713394165,95.9718170166016 1.5087251663208,97.7090835571289 40.6078414916992,-122.259979248047" />
  <polygon points="-22.5306968688965,-120.093673706055 -26.284912109375,-118.928298950195 -27.9166851043701,-118.042602539063 -28.2848949432373,-117.928298950195 -28.5807647705078,-117.767715454102 -28.6578102111816,-117.743797302246 -29.3049449920654,-118.589019775391 -32.2710952758789,-121.052658081055 -35.6800651550293,-122.913444519043 -39.4502296447754,-124.08975982666" />
  <polygon points="-115.5,-147.399200439453" />
  <polygon points="-114.5,-147.5" />
  <polygon points="-114,-147.449600219727" />
  <polygon points="-113.5,-147.5" />
  <polygon points="-113,-147.449600219727" />
  <polygon points="-112.5,-147.5" />
  <polygon points="-112,-147.449600219727" />
  <polygon points="-111.5,-147.5" />
  <polygon points="-111,-147.449600219727" />
  <polygon points="-110.5,-147.5" />
  <polygon points="-110,-147.449600219727" />
  <polygon points="-109.5,-147.5" />
  <polygon points="-109,-147.449600219727" />
  <polygon points="-108.5,-147.5" />
  <polygon points="-107.5,-147.399200439453" />
  <polygon points="-106.5,-147.5" />
  <polygon points="-106,-147.449600219727" />
  <polygon points="-105.5,-147.5" />
  <polygon points="-104.5,-147.399200439453" />
  <polygon points="-103.5,-147.5" />
  <polygon points="-99.4692993164063,-147.093673706055 -97.2977294921875,-146.419570922852" />
  <polygon points="-96.5,-146.5" />
  <polygon points="-92.4692993164063,-146.093673706055 -88.7150955200195,-144.928298950195 -88.4192276000977,-144.767700195313 -85.7151031494141,-143.928298950195 -85.4192504882813,-143.767715454102 -82.7150955200195,-142.928298950195 -79.6922607421875,-141.287551879883 -79.4542007446289,-141.269546508789 -75.16650390625,-140.112731933594 -71.3178100585938,-138.084320068359 -69.3015747070313,-136.420776367188 -67.7151031494141,-135.928298950195 -64.3178100585938,-134.084320068359 -61.3578643798828,-131.642135620117 -60.453727722168,-130.546310424805 -59.3816184997559,-129.661743164063 -58.3178100585938,-129.084320068359 -57.0012664794922,-127.998069763184 -55.3178062438965,-127.084320068359 -52.3578643798828,-124.642135620117 -51.4537162780762,-123.54630279541 -50.8633155822754,-123.059173583984 -47.5307006835938,-124.093673706055 -50.0282821655273,-122.242683410645 -49.4537124633789,-121.546295166016 -48.3578643798828,-120.642135620117 -47.4537010192871,-119.546279907227 -46.3578681945801,-118.642135620117 -43.9156875610352,-115.682189941406 -43.0019454956055,-113.998748779297 -42.8175621032715,-113.775276184082 -40.9156875610352,-111.682189941406 -39.4722175598145,-109.170829772949 -38.3991622924805,-106.447387695313 -37.7304458618164,-103.545806884766 -37.5,-100.5 -37.5470542907715,-100.033256530762 -37.5,-99.5 -37.5470542907715,-99.0332565307617 -37.5,-98.5 -37.5470542907715,-98.0332565307617 -37.5,-97.5 -37.550407409668,-97 -37.5,-96.5 -37.9063301086426,-92.4693069458008 -39.0716972351074,-88.7150955200195 -40.9156837463379,-85.3178100585938 -43.3578643798828,-82.3578643798828 -46.3178100585938,-79.9156875610352 -49.7150955200195,-78.0717010498047 -53.4693031311035,-76.9063262939453" />
  <polygon points="-57.5,-76.5" />
  <polygon points="-60.6078414916992,-76.7400207519531 -63.5646553039551,-77.43603515625 -66.3343505859375,-78.5519332885742 -68.8808288574219,-80.0516357421875 -73.1597747802734,-84.0580368041992 -74.8200454711914,-86.492561340332 -76.1127319335938,-89.1664962768555 -77.0286407470703,-92.2503356933594 -77.0843124389648,-92.3178100585938 -77.9094009399414,-93.753303527832 -78.6421356201172,-94.3578643798828 -79.3153228759766,-95.1737747192383 -80.6821899414063,-95.9156875610352 -83.246696472168,-98.1365280151367 -84.6821899414063,-98.9156875610352 -85.8674545288086,-99.9421157836914 -86.2848968505859,-100.071701049805 -88.870719909668,-101.395469665527 -89.4337310791016,-101.795745849609 -90.5307006835938,-101.906326293945 -94.2848968505859,-103.071701049805 -96.8114547729492,-104.443069458008 -170.709091186523,-39.5087203979492 -168.971817016602,-45.1052703857422 -168.811233520508,-45.4011344909668 -167.971817016602,-48.1052742004395 -167.82292175293,-48.3796119689941 -167.709091186523,-49.5087242126465 -166.380004882813,-53.7903251647949 -167.530700683594,-53.9063262939453 -170.83349609375,-54.887264251709 -173.870727539063,-56.3954658508301 -176.588516235352,-58.3770523071289 -178.932968139648,-60.7781410217285 -180.850234985352,-63.5448608398438 -182.286407470703,-66.6233291625977 -183.187622070313,-69.9596710205078" />
  <polygon points="-183.5,-73.5" />
  <polygon points="-183.452941894531,-73.9667434692383" />
  <polygon points="-183.5,-74.5" />
  <polygon points="-183.452941894531,-74.9667434692383" />
  <polygon points="-183.5,-75.5" />
  <polygon points="-183.452941894531,-75.9667434692383" />
  <polygon points="-183.5,-76.5" />
  <polygon points="-183.093673706055,-80.5307006835938 -182.359191894531,-82.8967895507813 -182.093673706055,-85.5306930541992 -181.286407470703,-88.3766632080078 -180.08610534668,-91.0331802368164 -176.642135620117,-95.6421356201172 -176.094207763672,-96.0942153930664 -175.661712646484,-96.618408203125 -175.084320068359,-97.6821899414063 -172.642135620117,-100.642135620117 -170.998352050781,-101.998382568359 -170.893447875977,-102.125526428223 -205.093673706055,-76.5307006835938 -203.928298950195,-80.2849044799805 -203.042602539063,-81.9166717529297 -202.928298950195,-82.2849044799805 -201.604522705078,-84.870735168457 -199.959426879883,-87.1846466064453 -199.928298950195,-87.2849044799805 -198.604522705078,-89.8707275390625 -196.959426879883,-92.1846389770508 -196.928298950195,-92.2849044799805 -195.604522705078,-94.8707275390625 -193.932968139648,-97.2218551635742 -192.758682250977,-98.2888717651367 -191.642135620117,-99.6421356201172 -191.094207763672,-100.094207763672 -190.642135620117,-100.642135620117 -188.99836730957,-101.998359680176 -187.642135620117,-103.642135620117 -187.094223022461,-104.094207763672 -186.642135620117,-104.642135620117 -186.094207763672,-105.094215393066 -185.642135620117,-105.642135620117 -185.094207763672,-106.094215393066 -184.642135620117,-106.642135620117 -181.682189941406,-109.084320068359 -180.618392944336,-109.661727905273 -177.682189941406,-112.084312438965 -175.170822143555,-113.527778625488 -174.0556640625,-113.967163085938 -172.284896850586,-114.928298950195 -169.212524414063,-115.882019042969 -167.284912109375,-116.928298950195 -164.580764770508,-117.767715454102 -164.284912109375,-117.928298950195 -162.358535766602,-118.52628326416 -161.682189941406,-119.084312438965 -157.83349609375,-121.112731933594 -154.044891357422,-122.134902954102 -153.546295166016,-122.546287536621 -152.642135620117,-123.642135620117 -150.450469970703,-125.450424194336 -148.661727905273,-127.618392944336 -148.084320068359,-128.682189941406 -145.642135620117,-131.642135620117 -145.094207763672,-132.094223022461 -144.642135620117,-132.642135620117 -141.682189941406,-135.084320068359 -138.284896850586,-136.928298950195 -135.053680419922,-137.93132019043 -133.642135620117,-139.642135620117 -130.682189941406,-142.084320068359 -128.998733520508,-142.998062133789 -127.682189941406,-144.084320068359 -125.170822143555,-145.527786254883 -122.447387695313,-146.600845336914 -119.545799255371,-147.269561767578" />
  <polygon points="-116.5,-147.5" />
</svg>